exagram=1000000000000000000
petagram=1000000000000000
teragram=1000000000000
gigagram=1000000000
megagram=1000000
kilogram=1000
hectogram=100
decagram=10
gram=1
decigram=0.1
centigram=0.01
milligram=0.001
microgram=0.000001
nanogram=0.000000001
picogram=0.000000000001
femtogram=0.000000000000001
attogram=0.000000000000000001
grain=0.06479891
ounce=28.349523125
pound=453.59237
stone=6350.29318
ton=907184.74