eur=0.905208
jpy=104.796
gbp=0.808130
chf=0.975670
cad=1.33633
zwd=361.9
irr=31837.02
xbt=0.00140874
xau=0.000780794
inr=67.04
usd=1.0